2.126100063323974609e-01
2.122498899698257446e-01
2.118917554616928101e-01
2.115376293659210205e-01
2.111935168504714966e-01
2.108502537012100220e-01
2.105077207088470459e-01
2.101658284664154053e-01
2.098245620727539062e-01
2.094838917255401611e-01
2.091437578201293945e-01
2.088042050600051880e-01
2.084651887416839600e-01
2.081267237663269043e-01
2.077887654304504395e-01
2.074513435363769531e-01
2.071143984794616699e-01
2.067779749631881714e-01
2.064547240734100342e-01
2.061280310153961182e-01
2.057937979698181152e-01
2.054601609706878662e-01
2.051368802785873413e-01
2.048137485980987549e-01
2.044907808303833008e-01
2.041679620742797852e-01
2.038451731204986572e-01
2.035225033760070801e-01
2.032019793987274170e-01
2.028853893280029297e-01
2.025676369667053223e-01
2.022532373666763306e-01
2.019384950399398804e-01
2.016273140907287598e-01
2.013146579265594482e-01
2.010060399770736694e-01
2.006986141204833984e-01
2.003903687000274658e-01
2.000813037157058716e-01
1.997795104980468750e-01
1.994769126176834106e-01
1.991713196039199829e-01
1.988683640956878662e-01
1.985698938369750977e-01
1.982698291540145874e-01
1.979682445526123047e-01
1.976713836193084717e-01
1.973782777786254883e-01
1.970832943916320801e-01
1.967879086732864380e-01
1.964955031871795654e-01
1.962053775787353516e-01
1.959143579006195068e-01
1.956263184547424316e-01
1.953388452529907227e-01
1.950499117374420166e-01
1.947660446166992188e-01
1.944816410541534424e-01
1.941939145326614380e-01
1.939157545566558838e-01
1.936364769935607910e-01
1.933558285236358643e-01
1.930741816759109497e-01
1.927918791770935059e-01
1.925123035907745361e-01
1.922367811203002930e-01
1.919568479061126709e-01
1.916818171739578247e-01
1.914083510637283325e-01
1.911344230175018311e-01
1.908619701862335205e-01
1.905890107154846191e-01
1.903216242790222168e-01
1.900493055582046509e-01
1.897807419300079346e-01
1.895141899585723877e-01
1.892470866441726685e-01
1.889796853065490723e-01
1.887121796607971191e-01
1.884446740150451660e-01
1.881806701421737671e-01
1.879155784845352173e-01
1.876530945301055908e-01
1.873921304941177368e-01
1.871309280395507812e-01
1.868696659803390503e-01
1.866084337234497070e-01
1.863366961479187012e-01
1.860625892877578735e-01
1.857870817184448242e-01
1.855104565620422363e-01
1.852346062660217285e-01
1.849543750286102295e-01
1.846751719713211060e-01
1.843952685594558716e-01
1.841147840023040771e-01
1.838338524103164673e-01
1.835525631904602051e-01
1.832708865404129028e-01
1.829890012741088867e-01
1.827068030834197998e-01
1.824244558811187744e-01
1.821419298648834229e-01
1.818592250347137451e-01
1.815764009952545166e-01
1.812934279441833496e-01
1.810103207826614380e-01
1.807270646095275879e-01
1.804436743259429932e-01
1.801601350307464600e-01
1.798764616250991821e-01
1.795925945043563843e-01
1.793085634708404541e-01
1.790243089199066162e-01
1.787398606538772583e-01
1.784551739692687988e-01
1.781702339649200439e-01
1.778850406408309937e-01
1.775995194911956787e-01
1.773137152194976807e-01
1.770275831222534180e-01
1.767410784959793091e-01
1.764542162418365479e-01
1.761669516563415527e-01
1.758792698383331299e-01
1.755911409854888916e-01
1.753067374229431152e-01
1.750337779521942139e-01
1.747616380453109741e-01
1.744894981384277344e-01
1.742169260978698730e-01
1.739439815282821655e-01
1.736707538366317749e-01
1.733972877264022827e-01
1.731236875057220459e-01
1.728499680757522583e-01
1.725761890411376953e-01
1.723023653030395508e-01
1.720285564661026001e-01
1.717548072338104248e-01
1.714811027050018311e-01
1.712074875831604004e-01
1.709339469671249390e-01
1.706605255603790283e-01
1.703871935606002808e-01
1.701139807701110840e-01
1.698408722877502441e-01
1.695881783962249756e-01
1.693958342075347900e-01
1.691747605800628662e-01
1.689301580190658569e-01
1.686744093894958496e-01
1.684206575155258179e-01
1.682329773902893066e-01
1.680413484573364258e-01
1.678399443626403809e-01
1.676293909549713135e-01
1.674102842807769775e-01
1.671832799911499023e-01
1.669489145278930664e-01
1.667304337024688721e-01
1.665436923503875732e-01
1.663430035114288330e-01
1.661306172609329224e-01
1.659085899591445923e-01
1.657132357358932495e-01
1.655261218547821045e-01
1.653268039226531982e-01
1.651162952184677124e-01
1.649015545845031738e-01
1.647133678197860718e-01
1.645147353410720825e-01
1.643168926239013672e-01
1.641230881214141846e-01
1.639331579208374023e-01
1.637477576732635498e-01
1.635530889034271240e-01
1.633645445108413696e-01
1.631864160299301147e-01
1.630119234323501587e-01
1.628407239913940430e-01
1.626681387424468994e-01
1.624955236911773682e-01
1.623124182224273682e-01
1.621429026126861572e-01
1.619670689105987549e-01
1.617975533008575439e-01
1.616191118955612183e-01
1.614611744880676270e-01
1.612896621227264404e-01
1.611055582761764526e-01
1.609466373920440674e-01
1.607863157987594604e-01
1.606072187423706055e-01
1.604529619216918945e-01
1.603039801120758057e-01
1.601481288671493530e-01
1.599800437688827515e-01
1.597661972045898438e-01
1.595383882522583008e-01
1.593336015939712524e-01
1.591012477874755859e-01
1.588558107614517212e-01
1.586485803127288818e-01
1.584267616271972656e-01
1.581901311874389648e-01
1.579404771327972412e-01
1.576794683933258057e-01
1.574682891368865967e-01
1.572403758764266968e-01
1.569899618625640869e-01
1.567193865776062012e-01
1.565161943435668945e-01
1.563471257686614990e-01
1.561620682477951050e-01
1.559765487909317017e-01
1.557929217815399170e-01
1.556248664855957031e-01
1.554454714059829712e-01
1.552348285913467407e-01
1.550506800413131714e-01
1.548681855201721191e-01
1.546740084886550903e-01
1.544691622257232666e-01
1.542776226997375488e-01
1.540720462799072266e-01
1.538732349872589111e-01
1.536869406700134277e-01
1.534620225429534912e-01
1.532808095216751099e-01
1.530899107456207275e-01
1.529189050197601318e-01
1.527281999588012695e-01
1.525241732597351074e-01
1.523361206054687500e-01
1.521391719579696655e-01
1.519514620304107666e-01
1.517529189586639404e-01
1.515613049268722534e-01
1.513793468475341797e-01
1.511881351470947266e-01
1.509910523891448975e-01
1.507874131202697754e-01
1.505896151065826416e-01
1.503888368606567383e-01
1.502096056938171387e-01
1.500229090452194214e-01
1.498274058103561401e-01
1.496240198612213135e-01
1.494201123714447021e-01
1.492528319358825684e-01
1.490368247032165527e-01
1.488344073295593262e-01
1.486499905586242676e-01
1.484595388174057007e-01
1.482622027397155762e-01
1.480588912963867188e-01
1.478520035743713379e-01
1.476628482341766357e-01
1.474673748016357422e-01
1.472793370485305786e-01
1.470781713724136353e-01
1.468907594680786133e-01
1.466979086399078369e-01
1.464969068765640259e-01
1.462888121604919434e-01
1.461225152015686035e-01
1.459264159202575684e-01
1.456998586654663086e-01
1.455099284648895264e-01
1.453082859516143799e-01
1.451138556003570557e-01
1.449133753776550293e-01
1.447696536779403687e-01
1.445464789867401123e-01
1.443630754947662354e-01
1.441711336374282837e-01
1.439642012119293213e-01
1.437864750623703003e-01
1.435683071613311768e-01
1.433776617050170898e-01
1.432013362646102905e-01
1.429941505193710327e-01
1.428061723709106445e-01
1.426061987876892090e-01
1.424306035041809082e-01
1.422343105077743530e-01
1.420485526323318481e-01
1.418564617633819580e-01
1.416582316160202026e-01
1.414729058742523193e-01
1.412898600101470947e-01
1.411030888557434082e-01
1.409255713224411011e-01
1.407445520162582397e-01
1.405727267265319824e-01
1.403835415840148926e-01
1.401865333318710327e-01
1.400145441293716431e-01
1.398292630910873413e-01
1.396415531635284424e-01
1.394866853952407837e-01
1.392841935157775879e-01
1.391139328479766846e-01
1.389314234256744385e-01
1.387419104576110840e-01
1.385603696107864380e-01
1.383844316005706787e-01
1.382082700729370117e-01
1.380230486392974854e-01
1.378546059131622314e-01
1.377034783363342285e-01
1.374814361333847046e-01
1.373093128204345703e-01
1.371286064386367798e-01
1.369445025920867920e-01
1.367631405591964722e-01
1.365817487239837646e-01
1.363855451345443726e-01
1.362534463405609131e-01
1.360275149345397949e-01
1.358794569969177246e-01
1.357259601354598999e-01
1.355594098567962646e-01
1.353820115327835083e-01
1.351916640996932983e-01
1.349965780973434448e-01
1.347940266132354736e-01
1.346002221107482910e-01
1.344243288040161133e-01
1.342415362596511841e-01
1.340970396995544434e-01
1.338654607534408569e-01
1.336938142776489258e-01
1.335228383541107178e-01
1.333508640527725220e-01
1.331779062747955322e-01
1.329879164695739746e-01
1.328029334545135498e-01
1.326122879981994629e-01
1.324205249547958374e-01
1.322207897901535034e-01
1.320337951183319092e-01
1.319072097539901733e-01
1.316856443881988525e-01
1.314932554960250854e-01
1.313221007585525513e-01
1.311591267585754395e-01
1.309861540794372559e-01
1.307936459779739380e-01
1.306141614913940430e-01
1.304301023483276367e-01
1.302468478679656982e-01
1.300569474697113037e-01
1.298604011535644531e-01
1.296650916337966919e-01
1.294723749160766602e-01
1.292860358953475952e-01
1.291437596082687378e-01
1.289803683757781982e-01
1.288073211908340454e-01
1.286431998014450073e-01
1.284732818603515625e-01
1.282977163791656494e-01
1.281267106533050537e-01
1.279492080211639404e-01
1.277661174535751343e-01
1.275809407234191895e-01
1.274119019508361816e-01
1.272421777248382568e-01
1.270678788423538208e-01
1.268881261348724365e-01
1.267066150903701782e-01
1.265480220317840576e-01
1.263566911220550537e-01
1.261844635009765625e-01
1.260052025318145752e-01
1.258224993944168091e-01
1.256527304649353027e-01
1.254941076040267944e-01
1.253127157688140869e-01
1.251320689916610718e-01
1.249611973762512207e-01
1.247919946908950806e-01
1.246190741658210754e-01
1.244391798973083496e-01
1.242613121867179871e-01
1.240903213620185852e-01
1.239210814237594604e-01
1.237374842166900635e-01
1.235736757516860962e-01
1.234051138162612915e-01
1.232354491949081421e-01
1.230531632900238037e-01
1.228746473789215088e-01
1.227058619260787964e-01
1.225374937057495117e-01
1.223454922437667847e-01
1.221628263592720032e-01
1.219944879412651062e-01
1.218184530735015869e-01
1.216840147972106934e-01
1.214665174484252930e-01
1.212988272309303284e-01
1.211328804492950439e-01
1.209626868367195129e-01
1.207937002182006836e-01
1.206188723444938660e-01
1.204476952552795410e-01
1.202687993645668030e-01
1.200789511203765869e-01
1.199031025171279907e-01
1.197207346558570862e-01
1.195347905158996582e-01
1.193550676107406616e-01
1.191824898123741150e-01
1.190057694911956787e-01
1.188294813036918640e-01
1.186304092407226562e-01
1.184274405241012573e-01
1.182316765189170837e-01
1.180287152528762817e-01
1.178194060921669006e-01
1.176143139600753784e-01
1.174045428633689880e-01
1.171994060277938843e-01
1.170100122690200806e-01
1.167959943413734436e-01
1.166102811694145203e-01
1.163691803812980652e-01
1.161724328994750977e-01
1.159588247537612915e-01
1.157551705837249756e-01
1.155566424131393433e-01
1.153451353311538696e-01
1.151281446218490601e-01
1.149170100688934326e-01
1.147008091211318970e-01
1.144731715321540833e-01
1.142541915178298950e-01
1.140400841832160950e-01
1.138285398483276367e-01
1.136080175638198853e-01
1.133840009570121765e-01
1.131564155220985413e-01
1.129386350512504578e-01
1.127113625407218933e-01
1.124873161315917969e-01
1.123012676835060120e-01
1.120908260345458984e-01
1.119151413440704346e-01
1.117131859064102173e-01
1.115461289882659912e-01
1.113543882966041565e-01
1.111414358019828796e-01
1.109587773680686951e-01
1.107524260878562927e-01
1.105599254369735718e-01
1.103505939245223999e-01
1.101617664098739624e-01
1.100051105022430420e-01
1.097867712378501892e-01
1.095818057656288147e-01
1.094193756580352783e-01
1.092100068926811218e-01
1.090167909860610962e-01
1.088157147169113159e-01
1.086565256118774414e-01
1.084349155426025391e-01
1.082380563020706177e-01
1.080570891499519348e-01
1.078528612852096558e-01
1.076863259077072144e-01
1.074889972805976868e-01
1.072854921221733093e-01
1.070863753557205200e-01
1.068933010101318359e-01
1.067294329404830933e-01
1.065456420183181763e-01
1.063611358404159546e-01
1.061441749334335327e-01
1.059577539563179016e-01
1.057492643594741821e-01
1.055696606636047363e-01
1.053783446550369263e-01
1.051936149597167969e-01
1.050070673227310181e-01
1.047861874103546143e-01
1.046105250716209412e-01
1.044384464621543884e-01
1.042473465204238892e-01
1.040377318859100342e-01
1.038958579301834106e-01
1.036733090877532959e-01
1.034833639860153198e-01
1.033232137560844421e-01
1.031520739197731018e-01
1.029459461569786072e-01
1.027058064937591553e-01
1.025261282920837402e-01
1.023651361465454102e-01
1.022059544920921326e-01
1.020027995109558105e-01
1.017847284674644470e-01
1.015835851430892944e-01
1.013713851571083069e-01
1.012179180979728699e-01
1.010550260543823242e-01
1.008409410715103149e-01
1.006755456328392029e-01
1.004829406738281250e-01
1.002859249711036682e-01
1.000842899084091187e-01
9.986332058906555176e-02
9.968489408493041992e-02
9.949518740177154541e-02
9.929642081260681152e-02
9.908955544233322144e-02
9.890309721231460571e-02
9.869891405105590820e-02
9.849978238344192505e-02
9.831853210926055908e-02
9.812512993812561035e-02
9.792692959308624268e-02
9.775906056165695190e-02
9.756346046924591064e-02
9.736143052577972412e-02
9.718316793441772461e-02
9.698353707790374756e-02
9.678566455841064453e-02
9.661386907100677490e-02
9.642277657985687256e-02
9.622699022293090820e-02
9.603519737720489502e-02
9.582815319299697876e-02
9.564972668886184692e-02
9.545418620109558105e-02
9.525553882122039795e-02
9.508596360683441162e-02
9.490835666656494141e-02
9.472541511058807373e-02
9.452341496944427490e-02
9.431082755327224731e-02
9.416498988866806030e-02
9.395903348922729492e-02
9.376683831214904785e-02
9.360168874263763428e-02
9.341592341661453247e-02
9.320288896560668945e-02
9.297709167003631592e-02
9.282406419515609741e-02
9.259831905364990234e-02
9.242360293865203857e-02
9.222525358200073242e-02
9.204919636249542236e-02
9.186558425426483154e-02
9.169179201126098633e-02
9.147296845912933350e-02
9.127881377935409546e-02
9.107962250709533691e-02
9.090000391006469727e-02
9.073791652917861938e-02
9.052515029907226562e-02
9.035264700651168823e-02
9.015703946352005005e-02
8.995910733938217163e-02
8.975657820701599121e-02
8.960410952568054199e-02
8.939085900783538818e-02
8.920548856258392334e-02
8.901375532150268555e-02
8.880363404750823975e-02
8.863489329814910889e-02
8.842035382986068726e-02
8.828733861446380615e-02
8.812017738819122314e-02
8.791276812553405762e-02
8.772495388984680176e-02
8.751319348812103271e-02
8.727405965328216553e-02
8.719083666801452637e-02
8.701740205287933350e-02
8.673343062400817871e-02
8.659991621971130371e-02
8.646630495786666870e-02
8.630894124507904053e-02
8.612253516912460327e-02
8.590880781412124634e-02
8.568310737609863281e-02
8.547696471214294434e-02
8.525115251541137695e-02
8.503640443086624146e-02
8.487050235271453857e-02
8.468548208475112915e-02
8.447017520666122437e-02
8.429639041423797607e-02
8.412744104862213135e-02
8.393919467926025391e-02
8.375416696071624756e-02
8.353358507156372070e-02
8.331734687089920044e-02
8.315609395503997803e-02
8.298557996749877930e-02
8.280025422573089600e-02
8.261911571025848389e-02
8.243440091609954834e-02
8.223553746938705444e-02
8.202527463436126709e-02
8.182589709758758545e-02
8.166266977787017822e-02
8.149209618568420410e-02
8.130665123462677002e-02
8.110477775335311890e-02
8.090324699878692627e-02
8.071304112672805786e-02
8.058954775333404541e-02
8.035140484571456909e-02
8.018695563077926636e-02
8.003322780132293701e-02
7.984828948974609375e-02
7.965677976608276367e-02
7.946275919675827026e-02
7.924571633338928223e-02
7.906506955623626709e-02
7.886497676372528076e-02
7.869051396846771240e-02
7.850701361894607544e-02
7.832185178995132446e-02
7.813698798418045044e-02
7.791304588317871094e-02
7.771747559309005737e-02
7.762405276298522949e-02
7.740660011768341064e-02
7.716311514377593994e-02
7.700699567794799805e-02
7.684336602687835693e-02
7.665182650089263916e-02
7.644825428724288940e-02
7.624977827072143555e-02
7.610211521387100220e-02
7.589715719223022461e-02
7.569143176078796387e-02
7.553819566965103149e-02
7.535691559314727783e-02
7.515295594930648804e-02
7.493756711483001709e-02
7.478061318397521973e-02
7.457882910966873169e-02
7.438713312149047852e-02
7.421360164880752563e-02
7.403104752302169800e-02
7.384426891803741455e-02
7.367928326129913330e-02
7.344616949558258057e-02
7.314543426036834717e-02
7.280485332012176514e-02
7.247482240200042725e-02
7.203853130340576172e-02
7.163131237030029297e-02
7.122687995433807373e-02
7.078275084495544434e-02
7.030288130044937134e-02
6.979924440383911133e-02
6.928774714469909668e-02
6.878053396940231323e-02
6.828629970550537109e-02
6.778735667467117310e-02
6.726270169019699097e-02
6.674596667289733887e-02
6.626680493354797363e-02
6.577523052692413330e-02
6.526595354080200195e-02
6.476067006587982178e-02
6.428186595439910889e-02
6.380695104598999023e-02
6.330646574497222900e-02
6.286422908306121826e-02
6.237500533461570740e-02
6.191887706518173218e-02
6.145511195063591003e-02
6.097842007875442505e-02
6.057299673557281494e-02
6.013762578368186951e-02
5.972437933087348938e-02
5.929993093013763428e-02
5.885366350412368774e-02
5.838893726468086243e-02
5.800416320562362671e-02
5.758963525295257568e-02
5.719553306698799133e-02
5.681856721639633179e-02
5.641985684633255005e-02
5.600201338529586792e-02
5.556805431842803955e-02
5.518981069326400757e-02
5.483077093958854675e-02
5.444817245006561279e-02
5.404627323150634766e-02
5.366296321153640747e-02
5.330717191100120544e-02
5.296403169631958008e-02
5.260595679283142090e-02
5.224549025297164917e-02
5.189260840415954590e-02
5.152431875467300415e-02
5.117320641875267029e-02
5.082944780588150024e-02
5.050835013389587402e-02
5.018579214811325073e-02
4.984909296035766602e-02
4.950156062841415405e-02
4.916941747069358826e-02
4.884440079331398010e-02
4.854433983564376831e-02
4.823359102010726929e-02
4.792357608675956726e-02
4.760344326496124268e-02
4.731144756078720093e-02
4.698811843991279602e-02
4.670687019824981689e-02
4.642606526613235474e-02
4.612237215042114258e-02
4.581270366907119751e-02
4.551872611045837402e-02
4.525939002633094788e-02
4.494727775454521179e-02
4.467674344778060913e-02
4.439208656549453735e-02
4.411584138870239258e-02
4.382443428039550781e-02
4.357662424445152283e-02
4.332147538661956787e-02
4.304255172610282898e-02
4.274989292025566101e-02
4.252642393112182617e-02
4.227433353662490845e-02
4.197935014963150024e-02
4.175047948956489563e-02
4.153545945882797241e-02
4.130797088146209717e-02
4.106304794549942017e-02
4.080777242779731750e-02
4.056609794497489929e-02
4.036477953195571899e-02
4.020583629608154297e-02
4.001858830451965332e-02
3.981954604387283325e-02
3.963033109903335571e-02
3.943271934986114502e-02
3.921803832054138184e-02
3.901237994432449341e-02
3.883399814367294312e-02
3.863620012998580933e-02
3.842072188854217529e-02
3.821914270520210266e-02
3.803820163011550903e-02
3.786377236247062683e-02
3.769566118717193604e-02
3.750663995742797852e-02
3.733891248703002930e-02
3.716253489255905151e-02
3.699639439582824707e-02
3.680995851755142212e-02
3.660784661769866943e-02
3.645071759819984436e-02
3.629457205533981323e-02
3.612935543060302734e-02
3.595334291458129883e-02
3.577452525496482849e-02
3.562365844845771790e-02
3.547230362892150879e-02
3.529837727546691895e-02
3.511531651020050049e-02
3.496356308460235596e-02
3.481837734580039978e-02
3.464683145284652710e-02
3.447521105408668518e-02
3.431916981935501099e-02
3.417525440454483032e-02
3.400776535272598267e-02
3.385563939809799194e-02
3.371307253837585449e-02
3.356388956308364868e-02
3.339401632547378540e-02
3.326070681214332581e-02
3.312113136053085327e-02
3.296096250414848328e-02
3.279395401477813721e-02
3.266658633947372437e-02
3.251525014638900757e-02
3.235671669244766235e-02
3.222350031137466431e-02
3.209250792860984802e-02
3.193590417504310608e-02
3.179807588458061218e-02
3.165454417467117310e-02
3.152309730648994446e-02
3.137116879224777222e-02
3.123765811324119568e-02
3.110888786613941193e-02
3.096281364560127258e-02
3.081404790282249451e-02
3.068117983639240265e-02
3.054650127887725830e-02
3.040636517107486725e-02
3.027188405394554138e-02
3.012896887958049774e-02
3.000556677579879761e-02
2.988791279494762421e-02
2.974332123994827271e-02
2.961229905486106873e-02
2.948467805981636047e-02
2.936467342078685760e-02
2.923351526260375977e-02
2.910880930721759796e-02
2.898172289133071899e-02
2.885157428681850433e-02
2.872493304312229156e-02
2.860032021999359131e-02
2.846157550811767578e-02
2.834319509565830231e-02
2.821594104170799255e-02
2.809033542871475220e-02
2.796895429491996765e-02
2.784671448171138763e-02
2.773437649011611938e-02
2.761205844581127167e-02
2.748633176088333130e-02
2.738258615136146545e-02
2.727355994284152985e-02
2.715557813644409180e-02
2.702118083834648132e-02
2.692218869924545288e-02
2.682890743017196655e-02
2.670598030090332031e-02
2.657904848456382751e-02
2.646288648247718811e-02
2.635122090578079224e-02
2.624192461371421814e-02
2.611105516552925110e-02
2.600201964378356934e-02
2.589294128119945526e-02
2.577079087495803833e-02
2.567467093467712402e-02
2.556328475475311279e-02
2.545843087136745453e-02
2.535408549010753632e-02
2.524737082421779633e-02
2.513521350920200348e-02
2.503160201013088226e-02
2.492449432611465454e-02
2.481500804424285889e-02
2.470866777002811432e-02
2.461745776236057281e-02
2.451705187559127808e-02
2.440600655972957611e-02
2.429735660552978516e-02
2.419495396316051483e-02
2.410449460148811340e-02
2.399818785488605499e-02
2.388732507824897766e-02
2.379405871033668518e-02
2.369944192469120026e-02
2.359411865472793579e-02
2.348621375858783722e-02
2.340543083846569061e-02
2.330759167671203613e-02
2.320715971291065216e-02
2.311616577208042145e-02
2.301801368594169617e-02
2.292312867939472198e-02
2.283405885100364685e-02
2.274085767567157745e-02
2.263738960027694702e-02
2.253334969282150269e-02
2.245504409074783325e-02
2.235696464776992798e-02
2.226572483777999878e-02
2.218774892389774323e-02
2.209269627928733826e-02
2.200050838291645050e-02
2.191153168678283691e-02
2.182326093316078186e-02
2.172187343239784241e-02
2.163970842957496643e-02
2.155501767992973328e-02
2.146086655557155609e-02
2.136823907494544983e-02
2.129013463854789734e-02
2.120326645672321320e-02
2.112277410924434662e-02
2.103617414832115173e-02
2.094077318906784058e-02
2.086228132247924805e-02
2.077709510922431946e-02
2.069308049976825714e-02
2.060767076909542084e-02
2.053006365895271301e-02
2.044149674475193024e-02
2.035395614802837372e-02
2.027613855898380280e-02
2.019635215401649475e-02
2.011068351566791534e-02
2.002394944429397583e-02
1.995805278420448303e-02
1.988187059760093689e-02
1.979755982756614685e-02
1.972186192870140076e-02
1.964350044727325439e-02
1.955591887235641479e-02
1.948884129524230957e-02
1.941205561161041260e-02
1.932790875434875488e-02
1.925450004637241364e-02
1.917620003223419189e-02
1.910154148936271667e-02
1.902036555111408234e-02
1.894589513540267944e-02
1.886649802327156067e-02
1.879530586302280426e-02
1.872207596898078918e-02
1.864341646432876587e-02
1.857522875070571899e-02
1.849811896681785583e-02
1.843028143048286438e-02
1.835725456476211548e-02
1.828519441187381744e-02
1.821396127343177795e-02
1.814098656177520752e-02
1.807612553238868713e-02
1.799665205180644989e-02
1.794001087546348572e-02
1.787693426012992859e-02
1.781131699681282043e-02
1.773544028401374817e-02
1.766027882695198059e-02
1.759645156562328339e-02
1.753933727741241455e-02
1.746562495827674866e-02
1.739326491951942444e-02
1.733078993856906891e-02
1.726981624960899353e-02
1.719191297888755798e-02
1.712597347795963287e-02
1.707684993743896484e-02
1.701080240309238434e-02
1.693275198340415955e-02
1.686064153909683228e-02
1.681299507617950439e-02
1.675228588283061981e-02
1.668448373675346375e-02
1.662079244852066040e-02
1.655767485499382019e-02
1.649192720651626587e-02
1.641983911395072937e-02
1.636058837175369263e-02
1.631422340869903564e-02
1.624255068600177765e-02
1.617125421762466431e-02
1.611801795661449432e-02
1.605666615068912506e-02
1.599708572030067444e-02
1.593719981610774994e-02
1.587060093879699707e-02
1.581335067749023438e-02
1.575787924230098724e-02
1.569730788469314575e-02
1.563760265707969666e-02
1.557904947549104691e-02
1.552054937928915024e-02
1.546283345669507980e-02
1.540577039122581482e-02
1.535374019294977188e-02
1.528922375291585922e-02
1.523696258664131165e-02
1.518514938652515411e-02
1.512514241039752960e-02
1.507003977894783020e-02
1.501787453889846802e-02
1.495779864490032196e-02
1.490210369229316711e-02
1.484593749046325684e-02
1.478889212012290955e-02
1.473158784210681915e-02
1.468189340084791183e-02
1.462215185165405273e-02
1.457966677844524384e-02
1.452229358255863190e-02
1.446964498609304428e-02
1.442663185298442841e-02
1.437105052173137665e-02
1.431429386138916016e-02
1.426617428660392761e-02
1.422222424298524857e-02
1.416110061109066010e-02
1.410397328436374664e-02
1.406335458159446716e-02
1.401188597083091736e-02
1.395835634320974350e-02
1.390706840902566910e-02
1.385898329317569733e-02
1.380878500640392303e-02
1.375623792409896851e-02
1.370818447321653366e-02
1.365839224308729172e-02
1.361401192843914032e-02
1.356441434472799301e-02
1.350883301347494125e-02
1.346030551940202713e-02
1.341594476252794266e-02
1.337156817317008972e-02
1.332413591444492340e-02
1.327250991016626358e-02
1.322391070425510406e-02
1.317862607538700104e-02
1.313039660453796387e-02
1.308602653443813324e-02
1.303682569414377213e-02
1.299222465604543686e-02
1.294968929141759872e-02
1.289821229875087738e-02
1.285262592136859894e-02
1.281250640749931335e-02
1.276636868715286255e-02
1.272754929959774017e-02
1.268455199897289276e-02
1.263763569295406342e-02
1.259213592857122421e-02
1.254296489059925079e-02
1.250170078128576279e-02
1.245421357452869415e-02
1.241512130945920944e-02
1.237493008375167847e-02
1.232961378991603851e-02
1.228556875139474869e-02
1.224592234939336777e-02
1.220284402370452881e-02
1.215634495019912720e-02
1.211470179259777069e-02
1.207221392542123795e-02
1.203155145049095154e-02
1.199311483651399612e-02
1.195013709366321564e-02
1.190735306590795517e-02
1.187238283455371857e-02
1.182987354695796967e-02
1.179008744657039642e-02
1.175282988697290421e-02
1.171009242534637451e-02
1.167023647576570511e-02
1.162797585129737854e-02
1.159324869513511658e-02
1.155002228915691376e-02
1.151486113667488098e-02
1.147640869021415710e-02
1.143797300755977631e-02
1.139464974403381348e-02
1.136259175837039948e-02
1.132925972342491150e-02
1.128651574254035950e-02
1.124574616551399231e-02
1.121035497635602951e-02
1.117392629384994507e-02
1.113441400229930878e-02
1.109732128679752350e-02
1.105954870581626892e-02
1.101974397897720337e-02
1.097838208079338074e-02
1.094725541770458221e-02
1.091077551245689392e-02
1.087458152323961258e-02
1.084021106362342834e-02
1.080228853970766068e-02
1.076442934572696686e-02
1.073122303932905197e-02
1.069731451570987701e-02
1.066092588007450104e-02
1.062785461544990540e-02
1.059007551521062851e-02
1.055654138326644897e-02
1.052061468362808228e-02
1.048417296260595322e-02
1.045173965394496918e-02
1.041675172746181488e-02
1.038361713290214539e-02
1.035320200026035309e-02
1.031486410647630692e-02
1.028031855821609497e-02
1.024830061942338943e-02
1.021812204271554947e-02
1.018526218831539154e-02
1.015165261924266815e-02
1.011685188859701157e-02
1.008626725524663925e-02
1.005294080823659897e-02
1.001809164881706238e-02
9.985888376832008362e-03
9.955050423741340637e-03
9.922492317855358124e-03
9.889815002679824829e-03
9.856807067990303040e-03
9.826829656958580017e-03
9.795371443033218384e-03
9.763967245817184448e-03
9.731574915349483490e-03
9.699011221528053284e-03
9.671204723417758942e-03
9.639594703912734985e-03
9.606746956706047058e-03
9.575303643941879272e-03
9.545696899294853210e-03
9.515147656202316284e-03
9.484425187110900879e-03
9.457249194383621216e-03
9.426325559616088867e-03
9.395873174071311951e-03
9.367879480123519897e-03
9.341131895780563354e-03
9.310706518590450287e-03
9.287159889936447144e-03
9.255477227270603180e-03
9.221626445651054382e-03
9.190900251269340515e-03
9.162680245935916901e-03
9.137969464063644409e-03
9.107787162065505981e-03
9.081785567104816437e-03
9.054920636117458344e-03
9.027342312037944794e-03
8.997138589620590210e-03
8.967354893684387207e-03
8.939858525991439819e-03
8.912600576877593994e-03
8.883091621100902557e-03
8.856581524014472961e-03
8.830746635794639587e-03
8.805434219539165497e-03
8.775189518928527832e-03
8.749173954129219055e-03
8.720978163182735443e-03
8.693953044712543488e-03
8.666570298373699188e-03
8.643840439617633820e-03
8.618081919848918915e-03
8.587833493947982788e-03
8.560231886804103851e-03
8.537106215953826904e-03
8.511573076248168945e-03
8.482854813337326050e-03
8.457953110337257385e-03
8.436988107860088348e-03
8.410252630710601807e-03
8.381539955735206604e-03
8.358197286725044250e-03
8.333386853337287903e-03
8.309867233037948608e-03
8.281400427222251892e-03
8.258748799562454224e-03
8.237103000283241272e-03
8.207559585571289062e-03
8.183307945728302002e-03
8.160958066582679749e-03
8.132833987474441528e-03
8.109963499009609222e-03
8.088873699307441711e-03
8.061572909355163574e-03
8.038007654249668121e-03
8.013898506760597229e-03
7.989492267370223999e-03
7.963489741086959839e-03
7.941978983581066132e-03
7.922164164483547211e-03
7.897770963609218597e-03
7.870733737945556641e-03
7.846524007618427277e-03
7.825270295143127441e-03
7.802466861903667450e-03
7.777044549584388733e-03
7.754905149340629578e-03
7.734853308647871017e-03
7.709784898906946182e-03
7.686598226428031921e-03
7.664585486054420471e-03
7.641021627932786942e-03
7.623670622706413269e-03
7.600258104503154755e-03
7.573230657726526260e-03
7.552838884294033051e-03
7.529697380959987640e-03
7.507129572331905365e-03
7.488518022000789642e-03
7.464027497917413712e-03
7.444133050739765167e-03
7.423372939229011536e-03
7.401787675917148590e-03
7.379334419965744019e-03
7.359025999903678894e-03
7.334882859140634537e-03
7.315775845199823380e-03
7.296168245375156403e-03
7.275952026247978210e-03
7.253461517393589020e-03
7.230887655168771744e-03
7.218103855848312378e-03
7.196078076958656311e-03
7.170427590608596802e-03
7.151089143007993698e-03
7.133290637284517288e-03
7.111547049134969711e-03
7.087144535034894943e-03
7.070646621286869049e-03
7.051065098494291306e-03
7.027987390756607056e-03
7.008446380496025085e-03
6.991133093833923340e-03
6.971202790737152100e-03
6.951511837542057037e-03
6.931518204510211945e-03
6.910286843776702881e-03
6.887956988066434860e-03
6.870427634567022324e-03
6.853929720818996429e-03
6.834564730525016785e-03
6.812812760472297668e-03
6.795075722038745880e-03
6.773857865482568741e-03
6.757311522960662842e-03
6.738568656146526337e-03
6.720601581037044525e-03
6.699530407786369324e-03
6.679850630462169647e-03
6.662347353994846344e-03
6.642026361078023911e-03
6.622682325541973114e-03
6.604812107980251312e-03
6.585818715393543243e-03
6.569579709321260452e-03
6.550593767315149307e-03
6.532257422804832458e-03
6.517934147268533707e-03
6.497221998870372772e-03
6.477584131062030792e-03
6.461835466325283051e-03
6.444615311920642853e-03
6.426016334444284439e-03
6.407400593161582947e-03
6.391392089426517487e-03
6.374688819050788879e-03
6.358555983752012253e-03
6.340802181512117386e-03
6.319990381598472595e-03
6.305491551756858826e-03
6.289560813456773758e-03
6.272047758102416992e-03
6.252924911677837372e-03
6.237101275473833084e-03
6.221147254109382629e-03
6.202370859682559967e-03
6.184811238199472427e-03
6.170025561004877090e-03
6.153217516839504242e-03
6.135328207165002823e-03
6.116728298366069794e-03
6.105380132794380188e-03
6.089043803513050079e-03
6.069333292543888092e-03
6.054218858480453491e-03
6.040605250746011734e-03
6.025514565408229828e-03
6.008058786392211914e-03
5.988154560327529907e-03
5.974987056106328964e-03
5.963515490293502808e-03
5.943861790001392365e-03
5.923800636082887650e-03
5.910390056669712067e-03
5.894031375646591187e-03
5.876670125871896744e-03
5.862248130142688751e-03
5.844839382916688919e-03
5.830964073538780212e-03
5.815620068460702896e-03
5.799528211355209351e-03
5.786692257970571518e-03
5.769376643002033234e-03
5.756524391472339630e-03
5.742426961660385132e-03
5.727695301175117493e-03
5.710950121283531189e-03
5.694065243005752563e-03
5.682422313839197159e-03
5.666994024068117142e-03
5.651363171637058258e-03
5.634655244648456573e-03
5.624282173812389374e-03
5.612004548311233521e-03
5.596415139734745026e-03
5.578632466495037079e-03
5.562310107052326202e-03
5.551079753786325455e-03
5.534375552088022232e-03
5.519563332200050354e-03
5.505416542291641235e-03
5.490843672305345535e-03
5.476846825331449509e-03
5.462797358632087708e-03
5.448549054563045502e-03
5.433468148112297058e-03
5.420476198196411133e-03
5.406854674220085144e-03
5.393266677856445312e-03
5.378909409046173096e-03
5.366273224353790283e-03
5.352024920284748077e-03
5.339339375495910645e-03
5.326490383595228195e-03
5.310708656907081604e-03
5.299495067447423935e-03
5.285351537168025970e-03
5.269620101898908615e-03
5.258188582956790924e-03
5.246095824986696243e-03
5.231512710452079773e-03
5.215679295361042023e-03
5.203627981245517731e-03
5.190152674913406372e-03
5.176374688744544983e-03
5.164038855582475662e-03
5.150684155523777008e-03
5.135899409651756287e-03
5.124959629029035568e-03
5.111531354486942291e-03
5.098759662359952927e-03
5.087171681225299835e-03
5.073447711765766144e-03
5.061109550297260284e-03
5.047848913818597794e-03
5.038014613091945648e-03
5.024932324886322021e-03
5.011379718780517578e-03
4.998899064958095551e-03
4.988458007574081421e-03
4.975059069693088531e-03
4.961957223713397980e-03
4.950143862515687943e-03
4.936533514410257339e-03
4.924478475004434586e-03
4.913138225674629211e-03
4.900991916656494141e-03
4.886921960860490799e-03
4.874131176620721817e-03
4.863512702286243439e-03
4.851918667554855347e-03
4.839731380343437195e-03
4.828132223337888718e-03
4.815851338207721710e-03
4.802887793630361557e-03
4.792592953890562057e-03
4.781033843755722046e-03
4.768694750964641571e-03
4.757193848490715027e-03
4.745463840663433075e-03
4.733153618872165680e-03
4.722258076071739197e-03
4.709751810878515244e-03
4.698090255260467529e-03
4.687125794589519501e-03
4.676211159676313400e-03
4.665733315050601959e-03
4.653633572161197662e-03
4.642717074602842331e-03
4.630918614566326141e-03
4.620727151632308960e-03
4.609341267496347427e-03
4.598399624228477478e-03
4.586309660226106644e-03
4.575245082378387451e-03
4.565971903502941132e-03
4.556274972856044769e-03
4.544538445770740509e-03
4.532438702881336212e-03
4.521229304373264313e-03
4.510696046054363251e-03
4.500739276409149170e-03
4.488558508455753326e-03
4.477873444557189941e-03
4.468436352908611298e-03
4.458023700863122940e-03
4.446745384484529495e-03
4.436279181391000748e-03
4.425784572958946228e-03
4.414317198097705841e-03
4.405119922012090683e-03
4.395322874188423157e-03
4.383370280265808105e-03
4.371812567114830017e-03
4.363133106380701065e-03
4.352170042693614960e-03
4.342789761722087860e-03
4.332177340984344482e-03
4.321782384067773819e-03
4.311187658458948135e-03
4.301976412534713745e-03
4.291927441954612732e-03
4.279448185116052628e-03
4.271354526281356812e-03
4.262479487806558609e-03
4.252036567777395248e-03
4.241827875375747681e-03
4.231470171362161636e-03
4.220877308398485184e-03
4.210534505546092987e-03
4.199673421680927277e-03
4.191191866993904114e-03
4.181643482297658920e-03
4.171487875282764435e-03
4.161856602877378464e-03
4.151388071477413177e-03
4.142460413277149200e-03
4.133421462029218674e-03
4.123723600059747696e-03
4.113349597901105881e-03
4.105365835130214691e-03
4.095635376870632172e-03
4.086312837898731232e-03
4.076024517416954041e-03
4.068096168339252472e-03
4.059072118252515793e-03
4.048297181725502014e-03
4.039782099425792694e-03
4.032037686556577682e-03
4.023104906082153320e-03
4.012161400169134140e-03
4.003701731562614441e-03
3.995172213762998581e-03
3.984794020652770996e-03
3.974613733589649200e-03
3.966022282838821411e-03
3.957482520490884781e-03
3.948086872696876526e-03
3.938786685466766357e-03
3.929247613996267319e-03
3.921992145478725433e-03
3.912301734089851379e-03
3.903340781107544899e-03
3.896060399711132050e-03
3.887310624122619629e-03
3.877080511301755905e-03
3.868267871439456940e-03
3.859878052026033401e-03
3.850004170089960098e-03
3.841747995465993881e-03
3.832940943539142609e-03
3.824117127805948257e-03
3.816887736320495605e-03
3.808626672253012657e-03
3.799496917054057121e-03
3.791882423684000969e-03
3.783679567277431488e-03
3.774367738515138626e-03
3.764142747968435287e-03
3.756951075047254562e-03
3.748170332983136177e-03
3.740051062777638435e-03
3.732009790837764740e-03
3.723002504557371140e-03
3.715392202138900757e-03
3.706978168338537216e-03
3.699370427057147026e-03
3.691276069730520248e-03
3.682280424982309341e-03
3.674511332064867020e-03
3.666481468826532364e-03
3.658025292679667473e-03
3.650304395705461502e-03
3.642890602350234985e-03
3.635055851191282272e-03
3.626721911132335663e-03
3.618159797042608261e-03
3.610795363783836365e-03
3.602169919759035110e-03
3.594590816646814346e-03
3.587636630982160568e-03
3.580159973353147507e-03
3.571379929780960083e-03
3.565513528883457184e-03
3.557478077709674835e-03
3.548028878867626190e-03
3.540079109370708466e-03
3.533384762704372406e-03
3.526757005602121353e-03
3.518462181091308594e-03
3.509341971948742867e-03
3.501420374959707260e-03
3.494526259601116180e-03
3.486978821456432343e-03
3.480248618870973587e-03
3.472757525742053986e-03
3.465280402451753616e-03
3.457201179116964340e-03
3.449566196650266647e-03
3.442138433456420898e-03
3.434719517827033997e-03
3.427260089665651321e-03
3.419603221118450165e-03
3.412121674045920372e-03
3.405334893614053726e-03
3.397942753508687019e-03
3.389521967619657516e-03
3.382976632565259933e-03
3.376363543793559074e-03
3.368891775608062744e-03
3.361601382493972778e-03
3.355949884280562401e-03
3.347857622429728508e-03
3.339526709169149399e-03
3.333292901515960693e-03
3.326494945213198662e-03
3.318775678053498268e-03
3.310872009024024010e-03
3.304707817733287811e-03
3.297498449683189392e-03
3.290866268798708916e-03
3.283981466665863991e-03
3.278114367276430130e-03
3.269631881266832352e-03
3.263754304498434067e-03
3.257635980844497681e-03
3.249156987294554710e-03
3.242853796109557152e-03
3.237435128539800644e-03
3.230042522773146629e-03
3.222838742658495903e-03
3.216702025383710861e-03
3.209602786228060722e-03
3.202696563675999641e-03
3.195595461875200272e-03
3.188647329807281494e-03
3.182284999638795853e-03
3.175400663167238235e-03
3.168646711856126785e-03
3.162732813507318497e-03
3.155845683068037033e-03
3.148833056911826134e-03
3.142210654914379120e-03
3.135446226224303246e-03
3.128549316897988319e-03
3.122198162600398064e-03
3.116077277809381485e-03
3.109933808445930481e-03
3.103813389316201210e-03
3.096800530329346657e-03
3.089942503720521927e-03
3.083645831793546677e-03
3.078272799029946327e-03
3.071960993111133575e-03
3.064939752221107483e-03
3.058480098843574524e-03
3.052398562431335449e-03
3.046405036002397537e-03
3.039865754544734955e-03
3.034098539501428604e-03
3.027866128832101822e-03
3.021499607712030411e-03
3.015905618667602539e-03
3.009246196597814560e-03
3.002528101205825806e-03
2.996810246258974075e-03
2.990969922393560410e-03
2.984677441418170929e-03
2.978278789669275284e-03
2.972440561279654503e-03
2.965969964861869812e-03
2.960786223411560059e-03
2.954991068691015244e-03
2.948190085589885712e-03
2.942672697827219963e-03
2.936603035777807236e-03
2.930434886366128922e-03
2.924553584307432175e-03
2.917960053309798241e-03
2.911956049501895905e-03
2.906160661950707436e-03
2.900890540331602097e-03
2.894950797781348228e-03
2.888786839321255684e-03
2.883380744606256485e-03
2.877610269933938980e-03
2.872023964300751686e-03
2.866250695660710335e-03
2.860260894522070885e-03
2.854970283806324005e-03
2.848962554708123207e-03
2.843037014827132225e-03
2.838181797415018082e-03
2.832076046615839005e-03
2.826569834724068642e-03
2.820813097059726715e-03
2.814712934195995331e-03
2.809984609484672546e-03
2.803524490445852280e-03
2.798538422212004662e-03
2.793260850012302399e-03
2.787902718409895897e-03
2.781331306323409081e-03
2.776108216494321823e-03
2.770260907709598541e-03
2.765279728919267654e-03
2.760294824838638306e-03
2.754921093583106995e-03
2.749211620539426804e-03
2.743147779256105423e-03
2.738637384027242661e-03
2.733069472014904022e-03
2.727782586589455605e-03
2.722185105085372925e-03
2.717250492423772812e-03
2.711595501750707626e-03
2.706767525523900986e-03
2.701334888115525246e-03
2.695448696613311768e-03
2.690443536266684532e-03
2.685424638912081718e-03
2.679826691746711731e-03
2.674418501555919647e-03
2.669517183676362038e-03
2.664323896169662476e-03
2.658641198650002480e-03
2.653784817084670067e-03
2.648497931659221649e-03
2.643892075866460800e-03
2.638264792039990425e-03
2.632831223309040070e-03
2.628040267154574394e-03
2.622793195769190788e-03
2.618124010041356087e-03
2.613069023936986923e-03
2.609012182801961899e-03
2.603701781481504440e-03
2.598798600956797600e-03
2.594164106994867325e-03
2.589344512671232224e-03
2.583387773483991623e-03
2.579350490123033524e-03
2.575671300292015076e-03
2.569703850895166397e-03
2.564143389463424683e-03
2.559874206781387329e-03
2.555537968873977661e-03
2.549826866015791893e-03
2.544551156461238861e-03
2.540051471441984177e-03
2.535053063184022903e-03
2.529475372284650803e-03
2.524689538404345512e-03
2.520325593650341034e-03
2.514975145459175110e-03
2.510790713131427765e-03
2.506957389414310455e-03
2.502055373042821884e-03
2.496095839887857437e-03
2.490784972906112671e-03
2.486219163984060287e-03
2.481774892657995224e-03
2.476549474522471428e-03
2.472139894962310791e-03
2.468799939379096031e-03
2.464234363287687302e-03
2.458560047671198845e-03
2.453448018059134483e-03
2.448989544063806534e-03
2.444415586069226265e-03
2.439829986542463303e-03
2.434976864606142044e-03
2.430648077279329300e-03
2.426856663078069687e-03
2.421922516077756882e-03
2.417524810880422592e-03
2.413237467408180237e-03
2.408553846180438995e-03
2.403635066002607346e-03
2.399874618276953697e-03
2.395158633589744568e-03
2.390586305409669876e-03
2.386538079008460045e-03
2.381957601755857468e-03
2.377836499363183975e-03
2.372719813138246536e-03
2.367698587477207184e-03
2.364490646868944168e-03
2.359112957492470741e-03
2.355387900024652481e-03
2.351603005081415176e-03
2.347468864172697067e-03
2.342899795621633530e-03
2.337575424462556839e-03
2.333303913474082947e-03
2.330510877072811127e-03
2.325716661289334297e-03
2.320143859833478928e-03
2.316470723599195480e-03
2.312366385012865067e-03
2.307942602783441544e-03
2.302847336977720261e-03
2.299339277669787407e-03
2.295291749760508537e-03
2.290782984346151352e-03
2.285924274474382401e-03
2.281794557347893715e-03
2.278008265420794487e-03
2.274215454235672951e-03
2.269994001835584641e-03
2.265440300107002258e-03
2.261725487187504768e-03
2.257442800328135490e-03
2.253005281090736389e-03
2.249009907245635986e-03
2.244959818199276924e-03
2.240635221824049950e-03
2.236584667116403580e-03
2.232332015410065651e-03
2.228335943073034286e-03
2.224014140665531158e-03
2.220588270574808121e-03
2.217327477410435677e-03
2.213213127106428146e-03
2.208431949838995934e-03
2.204928081482648849e-03
2.201042138040065765e-03
2.196535933762788773e-03
2.192526590079069138e-03
2.188580809161067009e-03
2.184865996241569519e-03
2.180664334446191788e-03
2.176830312237143517e-03
2.172861248254776001e-03
2.169068902730941772e-03
2.165139652788639069e-03
2.161284210160374641e-03
2.157876966521143913e-03
2.154282294213771820e-03
2.149942796677350998e-03
2.145975595340132713e-03
2.143003977835178375e-03
2.139082411304116249e-03
2.134698908776044846e-03
2.131523797288537025e-03
2.127803862094879150e-03
2.123434096574783325e-03
2.119269454851746559e-03
2.115593524649739265e-03
2.111712004989385605e-03
2.108230255544185638e-03
2.104648388922214508e-03
2.100677462294697762e-03
2.097021788358688354e-03
2.093455521389842033e-03
2.089553978294134140e-03
2.085633575916290283e-03
2.081756712868809700e-03
2.078521065413951874e-03
2.075004857033491135e-03
2.071183174848556519e-03
2.067987574264407158e-03
2.063874388113617897e-03
2.059820108115673065e-03
2.056392375379800797e-03
2.053104108199477196e-03
2.049527131021022797e-03
2.045295201241970062e-03
2.042400417849421501e-03
2.038873732089996338e-03
2.034889999777078629e-03
2.032224787399172783e-03
2.028179122135043144e-03
2.024763030931353569e-03
2.021654974669218063e-03
2.018293831497430801e-03
2.014044206589460373e-03
2.010226249694824219e-03
2.006896072998642921e-03
2.003533765673637390e-03
2.000433392822742462e-03
1.996084814891219139e-03
1.993300858885049820e-03
1.990161370486021042e-03
1.986938761547207832e-03
1.983218360692262650e-03
1.979167573153972626e-03
1.976209226995706558e-03
1.972809433937072754e-03
1.968832220882177353e-03
1.965824514627456665e-03
1.962746027857065201e-03
1.959333894774317741e-03
1.955716172233223915e-03
1.951998798176646233e-03
1.948883058503270149e-03
1.945488969795405865e-03
1.941796974278986454e-03
1.938861561939120293e-03
1.935484469868242741e-03
1.931667095050215721e-03
1.929344609379768372e-03
1.925667282193899155e-03
1.921707065775990486e-03
1.919123809784650803e-03
1.916304929181933403e-03
1.912310719490051270e-03
1.908933976665139198e-03
1.906106481328606606e-03
1.903073512949049473e-03
1.899447990581393242e-03
1.896254951134324074e-03
1.893429784104228020e-03
1.889679115265607834e-03
1.885766861960291862e-03
1.883221208117902279e-03
1.880084164440631866e-03
1.876964466646313667e-03
1.873462693765759468e-03
1.870615640655159950e-03
1.867554150521755219e-03
1.863850746303796768e-03
1.861325232312083244e-03
1.857835799455642700e-03
1.855066046118736267e-03
1.852363115176558495e-03
1.849283697083592415e-03
1.845457823947072029e-03
1.841745455749332905e-03
1.840350916609168053e-03
1.837565330788493156e-03
1.833320828154683113e-03
1.830362132750451565e-03
1.827839296311140060e-03
1.824685139581561089e-03
1.821457059122622013e-03
1.818518969230353832e-03
1.815113821066915989e-03
1.811970490962266922e-03
1.808917731977999210e-03
1.805705018341541290e-03
1.802471699193120003e-03
1.799322548322379589e-03
1.796211465261876583e-03
1.793205738067626953e-03
1.790514914318919182e-03
1.787090674042701721e-03
1.784430583938956261e-03
1.781872706487774849e-03
1.779061160050332546e-03
1.775947515852749348e-03
1.772450748831033707e-03
1.770014874637126923e-03
1.767185400240123272e-03
1.763300970196723938e-03
1.760968356393277645e-03
1.758714206516742706e-03
1.756113488227128983e-03
1.753143384121358395e-03
1.749825896695256233e-03
1.746315043419599533e-03
1.743133878335356712e-03
1.740911044180393219e-03
1.737823477014899254e-03
1.734856981784105301e-03
1.731866504997014999e-03
1.729230862110853195e-03
1.726629096083343029e-03
1.723193679936230183e-03
1.720513682812452316e-03
1.717831240966916084e-03
1.714764628559350967e-03
1.712316647171974182e-03
1.709159696474671364e-03
1.706951647065579891e-03
1.704468159005045891e-03
1.701600733213126659e-03
1.698524458333849907e-03
1.695581711828708649e-03
1.692909630946815014e-03
1.689869211986660957e-03
1.687566400505602360e-03
1.685231458395719528e-03
1.682074740529060364e-03
1.679468667134642601e-03
1.677083899267017841e-03
1.674585975706577301e-03
1.671586884185671806e-03
1.668696524575352669e-03
1.665994292125105858e-03
1.663047121837735176e-03
1.660802867263555527e-03
1.658015185967087746e-03
1.655214233323931694e-03
1.652955543249845505e-03
1.650332473218441010e-03
1.647472614422440529e-03
1.644782023504376411e-03
1.642320770770311356e-03
1.639666268602013588e-03
1.636885572224855423e-03
1.634318381547927856e-03
1.631831051781773567e-03
1.629107748158276081e-03
1.626467797905206680e-03
1.623698044568300247e-03
1.621006987988948822e-03
1.618431881070137024e-03
1.615802990272641182e-03
1.613239524886012077e-03
1.610593288205564022e-03
1.608334132470190525e-03
1.605624449439346790e-03
1.602953998371958733e-03
1.600692979991436005e-03
1.597783411853015423e-03
1.595754874870181084e-03
1.592998392879962921e-03
1.590473111718893051e-03
1.587753416970372200e-03
1.585374120622873306e-03
1.582761993631720543e-03
1.580248121172189713e-03
1.578228780999779701e-03
1.575852162204682827e-03
1.573131652548909187e-03
1.570386812090873718e-03
1.568263280205428600e-03
1.565689453855156898e-03
1.563074183650314808e-03
1.561001758091151714e-03
1.558375195600092411e-03
1.555850962176918983e-03
1.553937327116727829e-03
1.551179448142647743e-03
1.548529253341257572e-03
1.546866842545568943e-03
1.543897669762372971e-03
1.541589386761188507e-03
1.539590186439454556e-03
1.537193078547716141e-03
1.534577459096908569e-03
1.531837740913033485e-03
1.529513392597436905e-03
1.526931300759315491e-03
1.525016617961227894e-03
1.522434060461819172e-03
1.520634978078305721e-03
1.518361968919634819e-03
1.516169751994311810e-03
1.513547496870160103e-03
1.510635600425302982e-03
1.508834888227283955e-03
1.506787259131669998e-03
1.503939973190426826e-03
1.501229009591042995e-03
1.499153673648834229e-03
1.496715121902525425e-03
1.494371332228183746e-03
1.492082257755100727e-03
1.489773858338594437e-03
1.487192348577082157e-03
1.485015032812952995e-03
1.482662162743508816e-03
1.480431063100695610e-03
1.478120917454361916e-03
1.475897035561501980e-03
1.473925774917006493e-03
1.471539027988910675e-03
1.469310838729143143e-03
1.467196503654122353e-03
1.464860979467630386e-03
1.462523825466632843e-03
1.460380735807120800e-03
1.458018901757895947e-03
1.456117024645209312e-03
1.454232493415474892e-03
1.452078926376998425e-03
1.449583796784281731e-03
1.446894835680723190e-03
1.445065718144178391e-03
1.443200744688510895e-03
1.440792111679911613e-03
1.438403269276022911e-03
1.436134567484259605e-03
1.433886121958494186e-03
1.432194374501705170e-03
1.429861644282937050e-03
1.427152776159346104e-03
1.425333786755800247e-03
1.423220499418675900e-03
1.420935848727822304e-03
1.418532687239348888e-03
1.416508224792778492e-03
1.414443948306143284e-03
1.412305049598217010e-03
1.409937860444188118e-03
1.408288022503256798e-03
